0 1.29956
0.3 1.36482
0.6 1.43216
0.9 1.50157
1.2 1.57301
1.5 1.64644
1.8 1.7218
2.1 1.79906
2.4 1.87814
2.7 1.95899
3 2.04153
3.3 2.1257
3.6 2.21142
3.9 2.29861
4.2 2.3872
4.5 2.4771
4.8 2.56822
5.1 2.6605
5.4 2.75383
5.7 2.84816
6 2.94339
6.3 3.03945
6.6 3.13626
6.9 3.23376
7.2 3.33187
7.5 3.43053
7.8 3.52969
8.1 3.62927
8.4 3.72922
8.7 3.82951
9 3.93007
9.3 4.03087
9.6 4.13187
9.9 4.23303
10.2 4.33433
10.5 4.43573
10.8 4.5372
11.1 4.63873
11.4 4.74029
11.7 4.84187
12 4.94345
12.3 5.04502
12.6 5.14657
12.9 5.24809
13.2 5.34956
13.5 5.451
13.8 5.55238
14.1 5.6537
14.4 5.75497
14.7 5.85618
15 5.95733
15.3 6.05841
15.6 6.15944
15.9 6.2604
16.2 6.3613
16.5 6.46214
16.8 6.56292
17.1 6.66365
17.4 6.76432
17.7 6.86493
18 6.9655
18.3 7.06601
18.6 7.16648
18.9 7.2669
19.2 7.36728
19.5 7.46761
19.8 7.56791
20.1 7.66817
20.4 7.76839
20.7 7.86858
21 7.96874
21.3 8.06886
21.6 8.16896
21.9 8.26903
22.2 8.36907
22.5 8.46909
22.8 8.56909
23.1 8.66907
23.4 8.76902
23.7 8.86896
24 8.96888
24.3 9.06878
24.6 9.16867
24.9 9.26854
25.2 9.3684
25.5 9.46825
25.8 9.56808
26.1 9.6679
26.4 9.76771
26.7 9.86752
27 9.96731
27.3 10.0671
27.6 10.1669
27.9 10.2666
28.2 10.3664
28.5 10.4661
28.8 10.5659
29.1 10.6656
29.4 10.7654
29.7 10.8651
30 10.9648
