0 0.678072
0.3 0.716255
0.6 0.756077
0.9 0.797562
1.2 0.840728
1.5 0.885592
1.8 0.932165
2.1 0.980454
2.4 1.03046
2.7 1.08219
3 1.13564
3.3 1.19079
3.6 1.24764
3.9 1.30616
4.2 1.36634
4.5 1.42816
4.8 1.49158
5.1 1.55658
5.4 1.62313
5.7 1.69118
6 1.76071
6.3 1.83167
6.6 1.90401
6.9 1.97771
7.2 2.05271
7.5 2.12897
7.8 2.20644
8.1 2.28508
8.4 2.36485
8.7 2.44569
9 2.52756
9.3 2.61042
9.6 2.69423
9.9 2.77893
10.2 2.86449
10.5 2.95086
10.8 3.03801
11.1 3.1259
11.4 3.21448
11.7 3.30373
12 3.3936
12.3 3.48407
12.6 3.5751
12.9 3.66665
13.2 3.75871
13.5 3.85123
13.8 3.9442
14.1 4.03759
14.4 4.13137
14.7 4.22553
15 4.32003
15.3 4.41486
15.6 4.50999
15.9 4.60542
16.2 4.70111
16.5 4.79707
16.8 4.89326
17.1 4.98967
17.4 5.08629
17.7 5.18311
18 5.28012
18.3 5.3773
18.6 5.47464
18.9 5.57213
19.2 5.66976
19.5 5.76752
19.8 5.86541
20.1 5.96342
20.4 6.06153
20.7 6.15975
21 6.25806
21.3 6.35646
21.6 6.45494
21.9 6.5535
22.2 6.65213
22.5 6.75083
22.8 6.84959
23.1 6.94842
23.4 7.0473
23.7 7.14622
24 7.2452
24.3 7.34423
24.6 7.44329
24.9 7.5424
25.2 7.64154
25.5 7.74071
25.8 7.83992
26.1 7.93916
26.4 8.03842
26.7 8.13771
27 8.23703
27.3 8.33637
27.6 8.43573
27.9 8.53511
28.2 8.63451
28.5 8.73392
28.8 8.83335
29.1 8.9328
29.4 9.03226
29.7 9.13174
30 9.23122
