0 0.621488
0.3 0.648561
0.6 0.676085
0.9 0.70401
1.2 0.732282
1.5 0.760844
1.8 0.789638
2.1 0.818602
2.4 0.847675
2.7 0.876793
3 0.905893
3.3 0.934911
3.6 0.963785
3.9 0.992454
4.2 1.02086
4.5 1.04894
4.8 1.07664
5.1 1.10391
5.4 1.13071
5.7 1.15698
6 1.18268
6.3 1.20778
6.6 1.23225
6.9 1.25605
7.2 1.27916
7.5 1.30157
7.8 1.32324
8.1 1.34418
8.4 1.36437
8.7 1.38382
9 1.40251
9.3 1.42045
9.6 1.43765
9.9 1.45411
10.2 1.46984
10.5 1.48486
10.8 1.49919
11.1 1.51283
11.4 1.52581
11.7 1.53814
12 1.54985
12.3 1.56095
12.6 1.57148
12.9 1.58144
13.2 1.59086
13.5 1.59976
13.8 1.60817
14.1 1.61611
14.4 1.6236
14.7 1.63065
15 1.6373
15.3 1.64356
15.6 1.64944
15.9 1.65498
16.2 1.66019
16.5 1.66508
16.8 1.66967
17.1 1.67398
17.4 1.67802
17.7 1.68182
18 1.68538
18.3 1.68872
18.6 1.69184
18.9 1.69477
19.2 1.69752
19.5 1.70009
19.8 1.7025
20.1 1.70475
20.4 1.70686
20.7 1.70883
21 1.71068
21.3 1.7124
21.6 1.71402
21.9 1.71553
22.2 1.71694
22.5 1.71826
22.8 1.7195
23.1 1.72065
23.4 1.72173
23.7 1.72274
24 1.72368
24.3 1.72456
24.6 1.72538
24.9 1.72615
25.2 1.72687
25.5 1.72754
25.8 1.72816
26.1 1.72875
26.4 1.72929
26.7 1.7298
27 1.73028
27.3 1.73072
27.6 1.73114
27.9 1.73153
28.2 1.73189
28.5 1.73223
28.8 1.73254
29.1 1.73284
29.4 1.73311
29.7 1.73337
30 1.73361
