0 0.5
0.3 0.525345
0.6 0.551549
0.9 0.578609
1.2 0.60652
1.5 0.635276
1.8 0.664866
2.1 0.695282
2.4 0.726509
2.7 0.758534
3 0.791341
3.3 0.824914
3.6 0.859234
3.9 0.894282
4.2 0.930038
4.5 0.966481
4.8 1.00359
5.1 1.04134
5.4 1.07971
5.7 1.11868
6 1.15823
6.3 1.19833
6.6 1.23895
6.9 1.28009
7.2 1.32171
7.5 1.36379
7.8 1.40631
8.1 1.44925
8.4 1.4926
8.7 1.53632
9 1.5804
9.3 1.62483
9.6 1.66958
9.9 1.71463
10.2 1.75998
10.5 1.8056
10.8 1.85148
11.1 1.8976
11.4 1.94395
11.7 1.99052
12 2.03729
12.3 2.08426
12.6 2.1314
12.9 2.17872
13.2 2.2262
13.5 2.27382
13.8 2.32159
14.1 2.36949
14.4 2.41751
14.7 2.46565
15 2.5139
15.3 2.56226
15.6 2.6107
15.9 2.65924
16.2 2.70786
16.5 2.75656
16.8 2.80534
17.1 2.85418
17.4 2.90309
17.7 2.95205
18 3.00108
18.3 3.05016
18.6 3.09928
18.9 3.14846
19.2 3.19767
19.5 3.24693
19.8 3.29622
20.1 3.34555
20.4 3.39492
20.7 3.44431
21 3.49373
21.3 3.54318
21.6 3.59266
21.9 3.64215
22.2 3.69167
22.5 3.74121
22.8 3.79077
23.1 3.84035
23.4 3.88995
23.7 3.93956
24 3.98918
24.3 4.03882
24.6 4.08847
24.9 4.13813
25.2 4.1878
25.5 4.23749
25.8 4.28718
26.1 4.33688
26.4 4.3866
26.7 4.43631
27 4.48604
27.3 4.53577
27.6 4.58551
27.9 4.63526
28.2 4.68501
28.5 4.73477
28.8 4.78453
29.1 4.83429
29.4 4.88406
29.7 4.93384
30 4.98361
